candidate_issues,session_year,chamber,bill_number,bill_id,roll_call_id,vote_date,vote_description,title,description,dem_yea_share,rep_yea_share,party_gap,yea,nay,url,state_link,human_issue_code,policy_direction_of_yea,substantive_vote,review_note,session_id,session_name,doc_id,document_date,document_type,mime,text_size,text_hash,source_archive,document_date_parsed,type_rank,download_status,local_pdf,download_sha256,local_text,page_count,extracted_characters,model,primary_issue,secondary_issues,plain_english_change,vote_stage,yea_policy_effect,ideological_valence,confidence,evidence_quotes,needs_human_review,review_reason,all_quotes_verified,classification_cache
immigration,2025,house,HB7,1886217,1551124,2025-04-17,Third Reading in House of Origin,"Illegal immigration; procedures for arrest, detention, transportation of illegal aliens provided for; reporting requirements established","Illegal immigration; procedures for arrest, detention, transportation of illegal aliens provided for; reporting requirements established",0.0,1.0,1.0,74,21,https://legiscan.com/AL/text/HB7/id/3215405,https://alison.legislature.state.al.us/files/pdf/SearchableInstruments/2025RS/HB7-eng.pdf,,,True,,2148,2025 Regular Session,3215405,2025-04-17,Engrossed,application/pdf,108758,a392f0b00c16ee6a1ad97eee68baff37,AL_2025-2025_Regular_Session_JSON_20250606_8b02a5b94867a13e6a5ddf91374d9628.zip,2025-04-17,3,downloaded,data\raw\legiscan\bill_text_pilot\3215405.pdf,3711724be1b68ae5ae59205c39eb8fabafd9caed03e9055fd2964f159321ae05,data\processed\legislative\bill_text_pilot\3215405.txt,11,14411,qwen3.5:9b,immigration,['detainer_classification'],"The law now says that if ICE sends a detainer or warrant, the jail can hold someone for up to 48 hours. If no federal judge signs it within that time, they must release them unless there's another valid reason like citizenship proof.",final_passage,Jails can hold people for up to 48 hours on ICE detainers without a judge-signed warrant; must notify consulates and verify status of foreign nationals.,conservative,high,"['(8)a. Inmates shall be held no longer than 48 hours pursuant to an immigration detainer or an immigration warrant...', 'An immigration warrant signed by any immigration official other than a federal judge or federal magistrate shall be treated as an immigration detainer.', 'If an immigration warrant... is not received by the jail staff within 48 hours, or if ICE does not take custody of the inmate within 48 hours, the inmate shall be eligible for release from the custody.']",False,,False,research\cmo_ideology\rollcall_llm_classifications\v2_1551124_qwen3.5_9b.json
immigration,2025,house,HB7,1886217,1551124,2025-04-17,Third Reading in House of Origin,"Illegal immigration; procedures for arrest, detention, transportation of illegal aliens provided for; reporting requirements established","Illegal immigration; procedures for arrest, detention, transportation of illegal aliens provided for; reporting requirements established",0.0,1.0,1.0,74,21,https://legiscan.com/AL/text/HB7/id/3215405,https://alison.legislature.state.al.us/files/pdf/SearchableInstruments/2025RS/HB7-eng.pdf,,,True,,2148,2025 Regular Session,3215405,2025-04-17,Engrossed,application/pdf,108758,a392f0b00c16ee6a1ad97eee68baff37,AL_2025-2025_Regular_Session_JSON_20250606_8b02a5b94867a13e6a5ddf91374d9628.zip,2025-04-17,3,downloaded,data\raw\legiscan\bill_text_pilot\3215405.pdf,3711724be1b68ae5ae59205c39eb8fabafd9caed03e9055fd2964f159321ae05,data\processed\legislative\bill_text_pilot\3215405.txt,11,14411,ministral-3:8b,immigration,"['detainers', 'warrants', 'document verification', 'reporting requirements']",This bill introduces several changes to Alabama's laws regarding the handling of foreign nationals in county and municipal jails. Here are the key points in plain English:,final_passage,The bill is likely to have a restrictive effect on immigration policies by mandating stricter verification and detention procedures for foreign nationals in jails.,conservative,high,"['The bill requires that jails verify the legal status of suspected foreign nationals upon admission, using specific documents or contacting LESC/ICE for verification.', 'It mandates that jails honor immigration detainers and warrants issued by ICE unless they are signed by a federal judge or magistrate within 48 hours.', 'Jails must maintain records of all communications with ICE regarding foreign nationals.', 'The bill also requires quarterly reports on the number of foreign national inmates, inquiries made to LESC/ICE, responses indicating unlawful status, and immigration detainers issued.']",True,"This bill introduces significant changes in how Alabama handles foreign nationals within its jails. It is crucial for human review to ensure compliance with federal laws and constitutional rights, particularly concerning due process and the treatment of individuals based on their immigration status.",False,research\cmo_ideology\rollcall_llm_classifications\v2_1551124_ministral-3_8b.json
infrastructure,2025,house,HB7,1886217,1551126,2025-04-17,Motion to Read a Third Time and Pass as Amended - Roll Call 883,"Illegal immigration; procedures for arrest, detention, transportation of illegal aliens provided for; reporting requirements established","Illegal immigration; procedures for arrest, detention, transportation of illegal aliens provided for; reporting requirements established",0.0,1.0,1.0,74,26,https://legiscan.com/AL/text/HB7/id/3215405,https://alison.legislature.state.al.us/files/pdf/SearchableInstruments/2025RS/HB7-eng.pdf,,,True,,2148,2025 Regular Session,3215405,2025-04-17,Engrossed,application/pdf,108758,a392f0b00c16ee6a1ad97eee68baff37,AL_2025-2025_Regular_Session_JSON_20250606_8b02a5b94867a13e6a5ddf91374d9628.zip,2025-04-17,3,cached,data\raw\legiscan\bill_text_pilot\3215405.pdf,3711724be1b68ae5ae59205c39eb8fabafd9caed03e9055fd2964f159321ae05,data\processed\legislative\bill_text_pilot\3215405.txt,11,14411,qwen3.5:9b,immigration,['detainer_classification'],"The law now says that if ICE sends a detainer or warrant, the jail can hold someone for up to 48 hours. If no federal judge signs it within that time, they must release them unless there's another valid reason like citizenship proof.",final_passage,Jails can hold people for up to 48 hours on ICE detainers without a judge-signed warrant; must notify consulates and verify status of foreign nationals.,conservative,high,"['(8)a. Inmates shall be held no longer than 48 hours pursuant to an immigration detainer or an immigration warrant...', 'An immigration warrant signed by any immigration official other than a federal judge or federal magistrate shall be treated as an immigration detainer.', 'If an immigration warrant... is not received by the jail staff within 48 hours, or if ICE does not take custody of the inmate within 48 hours, the inmate shall be eligible for release from the custody.']",False,,False,research\cmo_ideology\rollcall_llm_classifications\v2_1551126_qwen3.5_9b.json
infrastructure,2025,house,HB7,1886217,1551126,2025-04-17,Motion to Read a Third Time and Pass as Amended - Roll Call 883,"Illegal immigration; procedures for arrest, detention, transportation of illegal aliens provided for; reporting requirements established","Illegal immigration; procedures for arrest, detention, transportation of illegal aliens provided for; reporting requirements established",0.0,1.0,1.0,74,26,https://legiscan.com/AL/text/HB7/id/3215405,https://alison.legislature.state.al.us/files/pdf/SearchableInstruments/2025RS/HB7-eng.pdf,,,True,,2148,2025 Regular Session,3215405,2025-04-17,Engrossed,application/pdf,108758,a392f0b00c16ee6a1ad97eee68baff37,AL_2025-2025_Regular_Session_JSON_20250606_8b02a5b94867a13e6a5ddf91374d9628.zip,2025-04-17,3,cached,data\raw\legiscan\bill_text_pilot\3215405.pdf,3711724be1b68ae5ae59205c39eb8fabafd9caed03e9055fd2964f159321ae05,data\processed\legislative\bill_text_pilot\3215405.txt,11,14411,ministral-3:8b,immigration,"['detainers', 'warrants', 'document verification', 'reporting requirements']",This bill introduces several changes to Alabama's laws regarding the handling of foreign nationals in county and municipal jails. Here are the key points in plain English:,final_passage,The bill is likely to have a restrictive effect on immigration policies by mandating stricter verification and detention procedures for foreign nationals in jails.,conservative,high,"['The bill requires that jails verify the legal status of suspected foreign nationals upon admission, using specific documents or contacting LESC/ICE for verification.', 'It mandates that jails honor immigration detainers and warrants issued by ICE unless they are signed by a federal judge or magistrate within 48 hours.', 'Jails must maintain records of all communications with ICE regarding foreign nationals.', 'The bill also requires quarterly reports on the number of foreign national inmates, inquiries made to LESC/ICE, responses indicating unlawful status, and immigration detainers issued.']",True,"This bill introduces significant changes in how Alabama handles foreign nationals within its jails. It is crucial for human review to ensure compliance with federal laws and constitutional rights, particularly concerning due process and the treatment of individuals based on their immigration status.",False,research\cmo_ideology\rollcall_llm_classifications\v2_1551126_ministral-3_8b.json
public_education,2025,house,HB244,1965457,1551793,2025-04-17,Motion to Add Cosponsor - Roll Call 893,"Public K-12 education, discussions of gender identity prohibited in grades preK-12, employees prohibited from displaying flags or insignia relating to sexual orientation or gender identity, employees prohibited from referring to student by pronouns inconsistent with student's biological sex","Public K-12 education, discussions of gender identity prohibited in grades preK-12, employees prohibited from displaying flags or insignia relating to sexual orientation or gender identity, employees prohibited from referring to student by pronouns inconsistent with student's biological sex",0.0,1.0,1.0,22,2,https://legiscan.com/AL/text/HB244/id/3215328,https://alison.legislature.state.al.us/files/pdf/SearchableInstruments/2025RS/HB244-eng.pdf,,,True,,2148,2025 Regular Session,3215328,2025-04-17,Engrossed,application/pdf,91708,4544beed97c2290f192e99c71c223d4b,AL_2025-2025_Regular_Session_JSON_20250606_8b02a5b94867a13e6a5ddf91374d9628.zip,2025-04-17,3,downloaded,data\raw\legiscan\bill_text_pilot\3215328.pdf,fb0fac787fc5e9f5ec3efebee8943e561d987efe070d6159a2bb9f18a76b30c9,data\processed\legislative\bill_text_pilot\3215328.txt,4,2315,qwen3.5:9b,public_education,"['gender_identity_discussion_prohibition', 'sexual_orientation_flag_display_prohibition', 'pronoun_usage_restriction']","This bill prohibits public school teachers and staff in Alabama from discussing gender identity or sexual orientation with students, displaying LGBTQ+ flags/insignia, or using pronouns that do not match a student's biological sex.",final_passage,enactment_of_prohibitions_on_gender_identity_discussion_and_pronoun_usage_in_public_schools,conservative,high,"['""to prohibit classroom instruction in public school prekindergarten through the twelfth grade related to gender identity or sexual orientation""', '""No teacher, or other public preK-12 employee, may display a flag or other insignia relating to or representing sexual orientation or gender identity""', '""prohibit education employees from referring to a student by pronouns inconsistent with the student\'s biological sex""']",False,,True,research\cmo_ideology\rollcall_llm_classifications\v2_1551793_qwen3.5_9b.json
public_education,2025,house,HB244,1965457,1551793,2025-04-17,Motion to Add Cosponsor - Roll Call 893,"Public K-12 education, discussions of gender identity prohibited in grades preK-12, employees prohibited from displaying flags or insignia relating to sexual orientation or gender identity, employees prohibited from referring to student by pronouns inconsistent with student's biological sex","Public K-12 education, discussions of gender identity prohibited in grades preK-12, employees prohibited from displaying flags or insignia relating to sexual orientation or gender identity, employees prohibited from referring to student by pronouns inconsistent with student's biological sex",0.0,1.0,1.0,22,2,https://legiscan.com/AL/text/HB244/id/3215328,https://alison.legislature.state.al.us/files/pdf/SearchableInstruments/2025RS/HB244-eng.pdf,,,False,,2148,2025 Regular Session,3215328,2025-04-17,Engrossed,application/pdf,91708,4544beed97c2290f192e99c71c223d4b,AL_2025-2025_Regular_Session_JSON_20250606_8b02a5b94867a13e6a5ddf91374d9628.zip,2025-04-17,3,downloaded,data\raw\legiscan\bill_text_pilot\3215328.pdf,fb0fac787fc5e9f5ec3efebee8943e561d987efe070d6159a2bb9f18a76b30c9,data\processed\legislative\bill_text_pilot\3215328.txt,4,2315,ministral-3:8b,public_education,"['gender_identity_restrictions', 'sexual_orientation_prohibitions']","Prohibits public K-12 schools from discussing gender identity or sexual orientation in developmentally inappropriate ways, bans teachers from displaying LGBTQ+ flags/insignia, and requires students to be addressed by pronouns matching their biological sex.",unknown,unknown/indeterminate,conservative,high,"['prohibit classroom instruction in public school prekindergarten through the twelfth grade related to gender identity or sexual orientation', 'No teacher, or other public preK-12 employee, may display a flag or other insignia relating to or representing sexual orientation or gender identity in a classroom of a public preK-12 school.', ""prohibiting education employees from referring to a student by pronouns inconsistent with the student's biological sex""]",True,"Vote description indicates 'Motion to Add Cosponsor,' not final passage or substantive policy vote.",False,research\cmo_ideology\rollcall_llm_classifications\v2_1551793_ministral-3_8b.json
